1000 0.309279 0.0149328
1001 0.310207 0.0149182
1002 0.311133 0.0149032
1003 0.310256 0.0148884
1004 0.31118 0.0148737
1005 0.312101 0.014859
1006 0.311226 0.0148443
1007 0.312146 0.0148296
1008 0.311273 0.014815
1009 0.31219 0.0148003
1010 0.313106 0.0147858
1011 0.312235 0.0147713
1012 0.313148 0.0147568
1013 0.312279 0.0147423
1014 0.31319 0.0147278
1015 0.312322 0.0147134
1016 0.313232 0.0146989
1017 0.314139 0.0146846
1018 0.313274 0.0146701
1019 0.31241 0.0146559
1020 0.313316 0.0146416
1021 0.314219 0.0146272
1022 0.31512 0.0146132
1023 0.316019 0.0145988
1024 0.315158 0.0145846
1025 0.316055 0.0145705
1026 0.31695 0.0145565
1027 0.316091 0.0145422
1028 0.316984 0.0145281
1029 0.317874 0.0145142
1030 0.317018 0.0145002
1031 0.316162 0.0144861
1032 0.317052 0.0144721
1033 0.317939 0.0144582
1034 0.318823 0.0144443
1035 0.317971 0.0144304
1036 0.317119 0.0144165
1037 0.316268 0.0144026
1038 0.315419 0.0143888
1039 0.314571 0.0143751
1040 0.315456 0.0143614
1041 0.316338 0.0143476
1042 0.317219 0.0143338
1043 0.318097 0.0143201
1044 0.317252 0.0143065
1045 0.318128 0.0142929
1046 0.317285 0.0142793
1047 0.316442 0.0142659
1048 0.317318 0.0142522
1049 0.316477 0.0142387
1050 0.315637 0.0142252
1051 0.314798 0.0142117
1052 0.315673 0.0141983
1053 0.316545 0.0141849
1054 0.315709 0.0141715
1055 0.316579 0.0141582
1056 0.315744 0.0141447
1057 0.31491 0.0141314
1058 0.314077 0.0141183
1059 0.314947 0.0141049
1060 0.314116 0.0140917
1061 0.313286 0.0140785
1062 0.314154 0.0140652
1063 0.315021 0.0140521
1064 0.315885 0.014039
1065 0.316747 0.0140259
1066 0.31592 0.0140127
1067 0.316781 0.0139996
1068 0.315955 0.0139865
1069 0.316814 0.0139735
1070 0.31767 0.0139605
1071 0.318525 0.0139476
1072 0.317702 0.0139347
1073 0.318555 0.0139217
1074 0.317733 0.0139088
1075 0.316912 0.0138959
1076 0.316093 0.013883
1077 0.315274 0.0138701
1078 0.316127 0.0138574
1079 0.316977 0.0138446
1080 0.317826 0.0138319
1081 0.31701 0.0138192
1082 0.316195 0.0138064
1083 0.317042 0.0137936
1084 0.316228 0.0137811
1085 0.317074 0.0137686
1086 0.317918 0.0137558
1087 0.318759 0.0137432
1088 0.317948 0.0137306
1089 0.317138 0.0137182
1090 0.316329 0.0137056
1091 0.31717 0.0136931
1092 0.316362 0.0136806
1093 0.315556 0.0136682
1094 0.31475 0.0136557
1095 0.31559 0.0136433
1096 0.316428 0.0136308
1097 0.315625 0.0136186
1098 0.316461 0.0136062
1099 0.315659 0.0135939
1100 0.316494 0.0149328
1101 0.315693 0.0149194
1102 0.316527 0.014906
1103 0.315727 0.0148925
1104 0.316559 0.014879
1105 0.315761 0.0148657
1106 0.314964 0.0148523
1107 0.315795 0.014839
1108 0.314999 0.0148256
1109 0.315829 0.0148124
1110 0.315035 0.014799
1111 0.315862 0.0147858
1112 0.316688 0.0147726
1113 0.315896 0.0147594
1114 0.315105 0.0147463
1115 0.315929 0.0147331
1116 0.316752 0.0147199
1117 0.315962 0.0147067
1118 0.316784 0.0146937
1119 0.317603 0.0146805
1120 0.31842 0.0146676
1121 0.319235 0.0146545
1122 0.320049 0.0146416
1123 0.32086 0.0146286
1124 0.32167 0.0146156
1125 0.320884 0.0146028
1126 0.3201 0.0145899
1127 0.319316 0.0145769
1128 0.320125 0.0145641
1129 0.320932 0.0145513
1130 0.321737 0.0145383
1131 0.320956 0.0145256
1132 0.32176 0.0145127
1133 0.322561 0.0145002
1134 0.321782 0.0144874
1135 0.321004 0.0144747
1136 0.321804 0.014462
1137 0.321027 0.0144494
1138 0.320251 0.0144368
1139 0.319476 0.0144241
1140 0.318701 0.0144114
1141 0.319502 0.0143991
1142 0.320301 0.0143864
1143 0.319528 0.0143738
1144 0.320325 0.0143614
1145 0.319554 0.0143488
1146 0.318784 0.0143363
1147 0.31958 0.0143239
1148 0.318811 0.0143115
1149 0.318043 0.0142991
1150 0.317276 0.0142868
1151 0.318072 0.0142744
1152 0.318866 0.0142621
1153 0.319658 0.0142498
1154 0.318893 0.0142375
1155 0.318128 0.0142252
1156 0.318919 0.014213
1157 0.318157 0.0142007
1158 0.317395 0.0141885
1159 0.318185 0.0141764
1160 0.317424 0.0141641
1161 0.316664 0.014152
1162 0.317454 0.0141399
1163 0.316695 0.0141277
1164 0.315938 0.0141158
1165 0.316726 0.0141036
1166 0.317512 0.0140917
1167 0.318296 0.0140796
1168 0.317541 0.0140678
1169 0.316786 0.0140556
1170 0.31757 0.0140437
1171 0.316817 0.0140318
1172 0.316064 0.0140198
1173 0.315313 0.0140079
1174 0.316096 0.0139961
1175 0.315345 0.0139841
1176 0.314596 0.0139724
1177 0.315378 0.0139605
1178 0.31463 0.0139487
1179 0.313882 0.0139369
1180 0.313136 0.0139253
1181 0.313917 0.0139134
1182 0.314697 0.0139018
1183 0.315475 0.0138902
1184 0.316251 0.0138784
1185 0.317025 0.0138668
1186 0.316282 0.0138551
1187 0.317055 0.0138435
1188 0.316312 0.0138319
1189 0.315571 0.0138203
1190 0.316343 0.0138087
1191 0.317113 0.0137971
1192 0.317882 0.0137855
1193 0.317142 0.0137742
1194 0.316404 0.0137628
1195 0.317171 0.0137513
1196 0.316434 0.0137397
1197 0.3172 0.0137284
1198 0.317965 0.013717
1199 0.317229 0.0137056
1200 0.317992 0.0149328
1201 0.318754 0.0149206
1202 0.31802 0.0149083
1203 0.31878 0.0148958
1204 0.318047 0.0148836
1205 0.317315 0.0148713
1206 0.316584 0.014859
1207 0.315853 0.0148468
1208 0.316613 0.0148345
1209 0.315884 0.0148223
1210 0.315155 0.0148102
1211 0.314428 0.0147979
1212 0.315187 0.0147858
1213 0.314461 0.0147737
1214 0.313735 0.0147616
1215 0.314494 0.0147494
1216 0.313769 0.0147374
1217 0.313045 0.0147255
1218 0.312322 0.0147134
1219 0.313081 0.0147013
1220 0.312359 0.0146894
1221 0.311638 0.0146775
1222 0.312395 0.0146654
1223 0.313151 0.0146535
1224 0.313905 0.0146416
1225 0.313186 0.0146296
1226 0.312468 0.0146178
1227 0.313221 0.0146059
1228 0.313972 0.0145942
1229 0.314722 0.0145821
1230 0.31547 0.0145705
1231 0.314754 0.0145588
1232 0.315501 0.0145468
1233 0.314786 0.0145352
1234 0.314072 0.0145236
1235 0.314818 0.0145117
1236 0.314105 0.0145002
1237 0.313393 0.0144884
1238 0.312681 0.0144767
1239 0.311971 0.0144651
1240 0.312717 0.0144536
1241 0.313461 0.014442
1242 0.314204 0.0144304
1243 0.314945 0.0144188
1244 0.315684 0.0144073
1245 0.314976 0.0143958
1246 0.315714 0.0143842
1247 0.315007 0.0143728
1248 0.315744 0.0143614
1249 0.31648 0.01435
1250 0.317213 0.0143385
1251 0.317946 0.0143271
1252 0.317241 0.0143157
1253 0.316537 0.0143043
1254 0.315834 0.0142929
1255 0.315132 0.0142816
1256 0.31443 0.0142703
1257 0.313729 0.014259
1258 0.313029 0.0142478
1259 0.313762 0.0142365
1260 0.313063 0.0142252
1261 0.313795 0.0142139
1262 0.313097 0.0142028
1263 0.313828 0.0141914
1264 0.314557 0.0141804
1265 0.315285 0.0141692
1266 0.316011 0.0141582
1267 0.316735 0.014147
1268 0.31604 0.0141358
1269 0.315345 0.0141248
1270 0.316069 0.0141138
1271 0.316791 0.0141026
1272 0.316098 0.0140917
1273 0.315405 0.0140807
1274 0.316127 0.0140697
1275 0.315435 0.0140586
1276 0.314745 0.0140476
1277 0.315465 0.0140367
1278 0.316184 0.0140259
1279 0.316902 0.0140148
1280 0.317618 0.0140038
1281 0.318332 0.0139932
1282 0.317644 0.0139822
1283 0.316957 0.0139714
1284 0.31627 0.0139605
1285 0.316984 0.0139498
1286 0.317696 0.013939
1287 0.317011 0.0139282
1288 0.316326 0.0139174
1289 0.315642 0.0139066
1290 0.314959 0.0138959
1291 0.314277 0.0138852
1292 0.314989 0.0138745
1293 0.315701 0.0138637
1294 0.31502 0.0138532
1295 0.31573 0.0138425
1296 0.31505 0.0138319
1297 0.315759 0.0138214
1298 0.31508 0.0138107
1299 0.314401 0.0138
1300 0.31511 0.0149328
1301 0.314432 0.0149215
1302 0.313755 0.01491
1303 0.314463 0.0148987
1304 0.313787 0.0148875
1305 0.314494 0.014876
1306 0.313819 0.0148646
1307 0.314524 0.0148534
1308 0.313851 0.014842
1309 0.314555 0.0148308
1310 0.313882 0.0148194
1311 0.314585 0.0148082
1312 0.315287 0.014797
1313 0.315987 0.0147858
1314 0.316686 0.0147746
1315 0.317383 0.0147635
1316 0.318079 0.0147522
1317 0.318773 0.0147412
1318 0.318104 0.0147301
1319 0.317435 0.0147189
1320 0.318128 0.0147077
1321 0.317461 0.0146966
1322 0.318153 0.0146856
1323 0.317486 0.0146745
1324 0.318178 0.0146637
1325 0.317512 0.0146526
1326 0.316847 0.0146416
1327 0.317537 0.0146307
1328 0.316873 0.0146197
1329 0.31621 0.0146087
1330 0.3169 0.0145978
1331 0.316237 0.0145868
1332 0.316926 0.014576
1333 0.316265 0.0145652
1334 0.316952 0.0145541
1335 0.317639 0.0145434
1336 0.316979 0.0145324
1337 0.316319 0.0145218
1338 0.31566 0.0145108
1339 0.315002 0.0145002
1340 0.315688 0.0144893
1341 0.316373 0.0144785
1342 0.315716 0.0144677
1343 0.3164 0.014457
1344 0.317083 0.0144465
1345 0.317764 0.0144357
1346 0.318444 0.0144251
1347 0.319122 0.0144143
1348 0.3198 0.0144038
1349 0.320475 0.014393
1350 0.319821 0.0143825
1351 0.320496 0.0143719
1352 0.321169 0.0143614
1353 0.321842 0.0143508
1354 0.321189 0.0143402
1355 0.32186 0.0143297
1356 0.321209 0.0143193
1357 0.320558 0.0143087
1358 0.319907 0.0142983
1359 0.320578 0.0142877
1360 0.319929 0.0142773
1361 0.31928 0.0142669
1362 0.31995 0.0142565
1363 0.319302 0.0142458
1364 0.318655 0.0142356
1365 0.319324 0.0142252
1366 0.318678 0.0142147
1367 0.319347 0.0142046
1368 0.318701 0.0141942
1369 0.318057 0.0141838
1370 0.317413 0.0141735
1371 0.31677 0.0141633
1372 0.317438 0.014153
1373 0.318105 0.0141427
1374 0.317463 0.0141324
1375 0.318128 0.0141223
1376 0.318793 0.014112
1377 0.319456 0.0141019
1378 0.318816 0.0140917
1379 0.318176 0.0140814
1380 0.317537 0.0140714
1381 0.318199 0.0140611
1382 0.318861 0.0140511
1383 0.318223 0.0140409
1384 0.317585 0.0140309
1385 0.318246 0.0140209
1386 0.318906 0.0140107
1387 0.319564 0.0140007
1388 0.320221 0.0139905
1389 0.320877 0.0139806
1390 0.320242 0.0139706
1391 0.319607 0.0139605
1392 0.318973 0.0139506
1393 0.318339 0.0139406
1394 0.318995 0.0139307
1395 0.318363 0.0139206
1396 0.319017 0.0139108
1397 0.318386 0.0139008
1398 0.319039 0.0138909
1399 0.318409 0.0138811
1400 0.319061 0.0149328
1401 0.319713 0.0149223
1402 0.319083 0.0149118
1403 0.319734 0.0149012
1404 0.320384 0.0148906
1405 0.319755 0.01488
1406 0.319127 0.0148696
1407 0.319776 0.014859
1408 0.319149 0.0148486
1409 0.319797 0.0148381
1410 0.319171 0.0148275
1411 0.319818 0.0148171
1412 0.320463 0.0148066
1413 0.321108 0.0147962
1414 0.320483 0.0147858
1415 0.319859 0.0147754
